299 918 331
721 929 554 376 853 275 568 909 590 498 832 37 72 129 691 800 897 728 743 505 859 819 539 822 493 11 746 100 678 410 297 112 455 104 751 432 403 274 648 928 807 186 85 353 296 881 100 347 773 465 104 43 802 112 453 120 349 622 194 520 657 631 547 807 397 564 561 807 577 100 665 115 260 728 214 501
613 427 488 987 162 537 87 10 480 929 980 989 626 775 29 826 666 12 913 88 307 510 73 792 773 542 169 890 762 381 437 479 135 724 504 518 255 367 296 182 1 460 6 767 962 478 985 165 557 9 146 330 407 697 450 542 55 836 743 925 778
134 622 397 594 394 604 107 972 834 715 831 658 385 16 59 466 143 789 854 741 573 832 13 270 710 927 128 110 640 946 949 530 674 404 546 498 336 991 843 382 265 508 476 431 994 476 633 135 835 742 593 982 670 21 216 882 633 589 27 490 57 147 119 983 654 798 586 271 550 933 11 296 377 181 638 174 932 615 311 473 345 845 544 710 251 127 686 615 303
285 770 574 812 883 475 471 807 914 207 233 704 455 254 702 835 512 748 779 181 163 844 29 589 737 913 101 193 993 323 252 502 704 890 537 635 7 906 431 771 741 516 228 565 739 828 204 106 958 708 621 570 751 77 410 907 999 404 739 487 238 193 500 800 322 968 17 483 757 497 291 711 455 186 908 840 242 551 607 524
787 563 737 912 438 782 113 774 755 742 12 537 485 387 937 391 149 976 720 633 403 728 670 53 446 717 493 977 681 707 471 856 685 732 96 594 45 724
203 938 741 654 989 795 709 131 785 160 314 437 369 363 120 100 729 804 810 472 796 248 972 23 347 181 273 361 120 509 944 420 345 380 977 127 272 375 534 373 550 483 301 664 671 335 977 22 25 584 951 957 431 983 199 559 739 728 265 866 519 242 518 55 444 150 937 916 4 742 730 128 513 531 162 651 185 986 782 504 833 317 618 151 686 530 846
362 178 686 45
832 859 651 744 835 791 313 38 338 933 218 391 860 903 491 193 585 610 156 771 816 652 908 700 253 262 272 311 654 404 463 440 19 489 373 514 32 959 90 633 193 4 655 202 145 152 348 651 46 635 544 501 636 835 486 310 908 363 321 275 137 472 884 930 856 677 65 933 289 142 35 739 166 89 881 232 487
834 445 487 395 552 978 502 187 739 240 916 298 675 83 839 133 880 773 409 507 897 526 362 167 360 974 949 769 335 413 249 820 833 785 470 312 295 127 250 55 373 150 256 525 481 868 771 736 967 892 708 231 252 343 54 255 973 959 714 921 106 675 692 775 989 188 113 797 65 623 380 532 569 235 851 457 87
442 469 501 140 172 61 875 286 2 450 381 994 346 491 816 248 140 254 178 74 291 534 59 334 759 837 748 204 43 403 474 847 56 647 582 625 989 170 572 878 761 171 350 490 135 404 461 975 477 572 588 111 945 838 232 464 783 607 800 213 676 661 149 849 656 306 181 526 276 496 819 236 712 231 299 405 415 137 596 300 346 614 62 478 597 187 197 874 82 334 826 362 496 500 660
295 684 576 208 179 172 610 490 803 617 343 717 133 900 257 852 920 503 70 229 509 936 301 934 322 764 573 150 116 5 444 817 753 422 593 988 472 571 536 646 517 93 79 263 477 75 865 690 370 972 398 454 803 801 28 675 876 752 847 959 117 26 233 152 265 966 686 915 437 151 486 300 35 976 527 967 907 616 215 690
289 235 69 581 586 543 50 331 4 803 671 878 897 38 347 44 200 241 444 840 934 778 86 801 910 300 776 11 289 103 945 349 9 402 240 246 207 537 561 692 156 380 435 907 189 327 990 454 863 183 698 540 882 80 754 450 634 520 183 234 817 742
837 104 597 769 466 76 351 587 75 877 160 862 136 753 976 885 922 808 220 216 246 448 42 795 443 641 599 673 722 99 104 161 562 619 225 950 221 189 452 828 739 347 353 310 713 939 158 85 621 438 268 531 560 493 927 870 0 879 895
345 757 943 898 520 238 698 912 908 998 597 112 321 529 628 357 522 550 541 265 234 694 819 935 760 900 744 973 741 990 107 184 642 737 737 58 674 492 611 438
563 476 140 513 947 422 312 736 333 664 437 623 404 245 191 272 920 803 566 740 661 247 486 73 365 962 116 997 474 994 211 138 728 88 931 70 183 265 971 557 694 35 6 149 346 750 553
735 548 628 772 734 310 591 19 412 453 20 69 243 2 162 882 465 138 578 325 350 122 938 591 212 403 862 91 927 793 959 13 163 558 380 831 733 742 997
354 814 942 981 979 702 520 133 818 456 403 194 302 925 312
459 507 124 763 909 868 134 865 354 309 41 386 439 249 380 948 595 682 567 210 56 772 225 872 143 142 300 168 331 877 698 639 734 431 257 82 112 857 273 855 623 222 383 561 528 948 938 291 186 316 402 552 515 94 288 725 357 495 953 156 960 256 300 998 915 660 555 731 765 637 390 961 678 284 490 151 731 27 913 677 261 585 275 858 403 753 467 930 774 855 588 714 522 273 858 336 885 677
284 632 557 727 397 178 907 607 169 764 571 286 789 143 628 151 5 793 930 748 625 775 163 619 421 709 547 431 635 656 511 843 406 684
593 758 145 304 841 515 128 70 109 471 116 153 425 549 212 299 576 608 133 782 569 354 499 180 504 978 424 285 353 488 790 844 672 416 646 854 900 288 267 40 130 408 928 173 413 669 566 577 947 882 738 396 186 292 883 190 290 96 849 307 36 292 521 868 936 863 981 994 445 525 488 511
34 247 779 391 42 3 680 408 19 531 114 731 25 135 502 110 876 623 870 191 327 217 887 500 423 146 39 470 406 284 838 556 507 909 544 348 520 456 859 764 616 829 996 559 202 355 56 987 823 374 826 255 708 948 784 321 324 553 530 253 166 370 281 146 606 470 367 175 570 585 272 627 259 962 844 882 774 452 945 187 334 98 689 54 216 763 605 835 899 270 862 270 666
259 326 991 790 948 221 877 521 466 601 242 208 312 825 375 494 842 36 278 223 409 706 367 277 801 550 975 165 439 491 957 190 313 788 858 569 300 208 813 364 892 90 24 321 732 838 354 804 818 504 538 961 366 198 212 179 231 470 267 978 170 306 564 820 152 639 779 140 994 478 901 663 212 441 905 827 851 991 643 610 564 427 61 292 739 23 564 956
526 149 945 722 646 763 932 458 692 759 873 507 114 322 870 692 68 801 616 297 504 21 661 932 731 165 829 292 736 891 666 965 787 713 998 772 908 630 907 268 39 712 125 962 800 647 612 625 309
966 891 339 877 633 21 274 806 366
973 636 329
729 25 109 531 23 272 12 218 148 108 92 363 397 969 294 727 808 198 959 556 678 950 505 685 837 50 556 124 986 620 438 62 283 627 786 691 971 886 892 768 894 902 626 411 708 556 215 794 395 28 161 209 220 333 378 878 712 518 435 227 452 511 956 63 543 809 729 817 796
871 834 355 762 596 341 209 604 75 622 824 537 823 245 426 158
78 447 615 664 654 334 969 152 667 55 545 158 448 471 356 672 100 181 52 92 222 81 924 888 311 860 921 677 524 643 316 157 599 421 544 453 489 372 156 86 70 552 198 62 540 446 933 11 793 200 697 775
383 561 623 73 91 832 38 731 355 149 407 926 463 709 544 889 626 503
668 494 180 483 842 760 409 197 383 546 803 474 842 647 510 87 352 673 258 256 749 894 290 170 647 1 490 883 569 997 900 318 648 340 743 602 382 990 126 10 496 541 520 623 654 261 552 538 631 401
174 655 401 954 977 398 607 867 523 397 152 968 440 464 712 68 616 707 550 733 589 354 399 59 612 337 918 651 580 852 881 960 68 964 598 663 529 359 965 661 869 74 431 647 491 766 316 837 183 829 939 629 843 831 98 192 443 293 557 59 634 977 443 707 526 72 636 957
462 158 26 435 564 751 316 36 943 597 944 84 272 625 504 271 980 370 563 290 920 558 283 503 3 739 658 984 432 220 130 587 206 695 808 19 78 891 836 415 528 743 904 204 473 301 194 662 125 205 824 547 806 62 575 456 991 975 288 557 919 636 464 356 133 428 554 912 700 431 707 967 371 469 697 905 692 706 593 499 582 413 404 908 482 903 821 993 959 401 105 587 402 591 692 134 197 857 740
618 423 20 449 525 276 207 553 164 68 151 595 491 943 225 32 400 383 943 773 736 30 810 421 684 57 289 509 508 569 194 424 885 952 308 872 594 664 31 718 173 335 153 25 624 791
546 589 282 122 824 150 922 901 151 57 238 60 444 372
897 75 9 245 54 297 438 877 867 14 772 96 394 754 601 65 115 464 108 370 473 264 469 673 800 222
475 913 679 538 221 219 756 201 562 232 344 405 311 297 947 492 218 55 153 250 56 847 221 834 229 889 870 464 366 894 4 382 739 795 459 914 89 486 118 513 340 908 360 618 281 196 419 633 9 332 507 206 241 606 780 521 727 342 192 741 319 83 6 630 195 191 44 424 201 845 277 38 110 398 549 923 88 112 409 840 985 540 171 659 160 202 475
634 995 210 151 398 971 272 993 221 353 197 936 392 532 196 235 620 563 812 458 568 889 64 436 255 700 310 91 817 481 389 145 668 189 159 881 24 314 318 716 503 980 403 382 323 967 121 972 602 703 952 781 181 587 294 514 358 943 992 115 311 885 702 776 960 472 524 464 208
948 826 301 341 169 358 902 186 935 158 53 358 782 910 866 483 150 429 595 275 804 415 584 964 650 953 602 151 764 625 220 486 199 607 417 431 652 803 509 698 698 380 496 59 706 682 917 363 548 346 976 522 998 499 502 745 21 25 31 359 508 990 878 514 345 792 649 336 15 867 347 249 278 971 943 466 495 917 560 369 723
979 624 876 843 710 120 451 684 722 228 775 476 587 118 263 368 760 682 519 496 838 277 751 246 783 977 546 60 784 608 433 103 848 538 567 787 3 566 16 276
817 314 871 590 141 982 995 402 721 640 623 952 361 897 225 530 658 678 464 296 132 537 55 49 236 469 415 987 981 512 864 98
969 459 317 756 344 910 916 378 213 21 534 433 576 657 695 898 7 512 598 986 383 506 356 26 794 131 904 883 143 249 352 501 975 956 354 661 274 860 17 625 18 396 395 345 680 986 559 252 531 183 76 796 167 273 356 151 937 90 287 347 841 813 156 941 416 245 50 277 281 754 957 250 332 161 29 414 373 678 728 837
641 455 72 389 154 477 992 727
188 545 642 208 226 149 721 852 801 681 487 523 741 880 271 144 870 578 667 275 645 865 366 929 842 168 397 704 332 561 671 205 930 977 454 316 591 377 262 843 19 812 682 404 755 640 398 29 939 931 230 77 466 595 269 197 315 554 27 960 556 117 30 953 799 999 417
102 774 346 896 731 426 356 136 701 597 237 572 623 100 418 383 611 25 991 511 692 969 163 85 281 321 463 136 725 456 767 445 963 168 425 549 510 39 707 523 991 69 233 360 248 721 652 21 373 228 390 908 370 769 969 900 863 672 335 31 137 790 828 369 690
176 679 736 895 217 378 851 545 374 591 488 510 70 540 91 499 822 441 585 463 817 224 819 615 186 634 751 375 733 296 200 962 555 755 837 815 188 896 791 536
499 756 199 69 279 553 784 236 48 973 781 647 29 440 42 731
58 966 692 853 976 418 77 955 921 9 47 346 526 140 857 698 544 17 525 811 740 735 851 838 81 649 487 184 859 756 214 908 927 319 758 748 662 62 315 428 271 651 941 75 509 258 183 518 440 199 491 795 367 542 984 79 419 38 126 60 422 635 344 651 434 694 544 697 87 196
873 644 128 412 831 623 109 598 964 583 988 41 131 606 15 287 358 989 664 518 494 407 616 581 541 623 816 372 970 414 165 697 744 836 220 823 459 240 442 321 24 370 614 541 8 958 630 3 457 995 923 588 145 873 410 952 544 34 607 927 384 23 256 657 476 827 371 98 738 924 13 581 534 485 992 241 837 113 769 233 275 459 963 412 969 729 251 981 46
553 262 409 518 23 893 392 772 9 401 177 720 202 133 402 364 447 578 606 397 441 452 343 999 701 147 331 825 672 737 517 608 481 75 400 112 751 561 50 460 723 879 835 510 620 350 792 915 117 581 416 70 93 856 523
